Results for 1 threads 
0.024429 0.024324 0.027768 0.025248 0.023795 0.025651 0.025551 0.023515 0.027680 0.027576 0.025715 0.027330 0.028112 0.024515 0.029435 0.025550 0.026709 0.029582 0.027579 0.026294 0.024355 0.029482 0.025429 0.023946 0.024415 0.024270 0.024303 0.023650 0.023760 0.026147 0.024289 0.024437 0.024332 0.024751 0.023803 0.027661 0.027736 0.028081 0.025689 0.026911 0.027315 0.024700 0.024102 0.023685 0.026445 0.025779 0.027720 0.024895 0.024098 0.024393 
Results for 2 threads 
0.019248 0.023479 0.019867 0.020666 0.020138 0.020578 0.019165 0.020515 0.019780 0.020330 0.020287 0.022376 0.026144 0.021814 0.021135 0.019629 0.022276 0.019961 0.020865 0.019524 0.019723 0.020089 0.019410 0.019464 0.020462 0.019170 0.019054 0.019591 0.019585 0.018837 0.018940 0.020879 0.024725 0.021412 0.025102 0.025849 0.023323 0.019914 0.021685 0.020489 0.023327 0.021267 0.022055 0.022645 0.022165 0.020805 0.020904 0.019474 0.020645 0.019534 
Results for 3 threads 
0.018123 0.019422 0.018378 0.018563 0.019922 0.018496 0.018353 0.018759 0.018379 0.018308 0.018389 0.019345 0.019874 0.021705 0.018492 0.020712 0.022824 0.018536 0.018443 0.018568 0.023608 0.018720 0.018398 0.018958 0.021415 0.027031 0.019275 0.018744 0.018202 0.023257 0.020370 0.026275 0.029044 0.021087 0.019149 0.022292 0.022059 0.022039 0.019524 0.021296 0.019224 0.021012 0.019706 0.018743 0.019458 0.020843 0.021223 0.019299 0.020482 0.021534 
Results for 4 threads 
0.034483 0.031345 0.030937 0.033716 0.030955 0.033244 0.032383 0.034260 0.033831 0.033649 0.033608 0.032620 0.030507 0.029906 0.029751 0.029514 0.030205 0.030000 0.030288 0.029456 0.029849 0.031207 0.033904 0.034388 0.036094 0.039934 0.034258 0.033098 0.039121 0.034652 0.039280 0.036847 0.039473 0.045439 0.036175 0.036086 0.035411 0.035152 0.041907 0.033117 0.032005 0.031820 0.030115 0.030344 0.029886 0.035307 0.032797 0.035686 0.040522 0.033293 
Results for 5 threads 
0.051839 0.056582 0.053112 0.043548 0.043845 0.046715 0.045722 0.062523 0.051956 0.052252 0.040252 0.041600 0.048422 0.051188 0.043754 0.047292 0.047393 0.045696 0.045465 0.050018 0.047593 0.057702 0.055872 0.042497 0.046973 0.048960 0.049536 0.049059 0.048311 0.058089 0.056769 0.046848 0.063403 0.057637 0.047564 0.054219 0.049207 0.052643 0.083066 0.067605 0.051282 0.058697 0.045755 0.057378 0.052416 0.076309 0.062720 0.070454 0.064351 0.076646 
Results for 6 threads 
0.071900 0.077360 0.089840 0.074353 0.069942 0.074943 0.072824 0.083074 0.090113 0.088420 0.110559 0.073119 0.071310 0.064602 0.060349 0.063555 0.060031 0.063529 0.065419 0.064136 0.063577 0.065486 0.057949 0.067709 0.056267 0.073952 0.065698 0.063331 0.063353 0.057168 0.060119 0.065758 0.067125 0.065144 0.066453 0.060529 0.065058 0.068290 0.066435 0.064155 0.063607 0.067236 0.065049 0.065289 0.069432 0.072997 0.067277 0.097938 0.081085 0.075843 
Results for 7 threads 
0.091392 0.100970 0.096044 0.077196 0.077384 0.077323 0.080689 0.081972 0.088894 0.076215 0.073705 0.083992 0.084886 0.088538 0.081144 0.083274 0.087639 0.076659 0.078249 0.081436 0.099902 0.099702 0.091807 0.081007 0.097534 0.080182 0.077138 0.079979 0.103617 0.088911 0.084286 0.084219 0.081020 0.086947 0.229568 0.144452 0.100424 0.099176 0.093064 0.090467 0.096986 0.103862 0.092710 0.081554 0.098683 0.087765 0.088869 0.081631 0.082513 0.084800 
Results for 8 threads 
0.102262 0.068580 0.056953 0.058449 0.058991 0.056736 0.063765 0.064223 0.062010 0.067270 0.063597 0.057849 0.058814 0.059092 0.056768 0.067399 0.061693 0.061223 0.062233 0.055863 0.057399 0.054212 0.063013 0.066931 0.060748 0.065033 0.064284 0.068162 0.071307 0.076156 0.081505 0.064951 0.063767 0.065508 0.065016 0.060478 0.073035 0.067050 0.056371 0.055648 0.059340 0.061829 0.070681 0.065096 0.068363 0.068118 0.066966 0.061130 0.064921 0.070607 
Results for 9 threads 
0.071750 0.069564 0.069368 0.088511 0.071422 0.067683 0.108710 0.084058 0.071556 0.070177 0.075250 0.078991 0.077808 0.096015 0.072859 0.083228 0.082246 0.109929 0.087204 0.075224 0.117353 0.069996 0.072975 0.068219 0.068486 0.079254 0.077289 0.081036 0.076200 0.077866 0.077781 0.083988 0.076396 0.066435 0.066738 0.076296 0.106912 0.104447 0.073564 0.078201 0.110219 0.073771 0.070667 0.083766 0.100509 0.077643 0.080998 0.076038 0.073610 0.066486 
Results for 10 threads 
0.122975 0.123494 0.107448 0.076288 0.073602 0.074074 0.104508 0.077562 0.115964 0.079370 0.076513 0.078988 0.085987 0.083933 0.084058 0.070704 0.143504 0.073192 0.077712 0.075894 0.076785 0.136655 0.100586 0.081752 0.074863 0.081760 0.108356 0.161475 0.097319 0.088080 0.096860 0.082691 0.077476 0.078956 0.118105 0.074521 0.081740 0.077603 0.076934 0.092881 0.131439 0.075672 0.083362 0.086835 0.088949 0.088703 0.077486 0.077700 0.078033 0.081669 
Results for 11 threads 
0.152153 0.080951 0.099290 0.131304 0.084499 0.091553 0.186859 0.182269 0.096710 0.092422 0.107735 0.137036 0.086160 0.103742 0.103284 0.148437 0.223509 0.207652 0.102008 0.127449 0.088796 0.143942 0.102152 0.136277 0.356205 0.155467 0.146785 0.163965 0.130275 0.249511 0.143397 0.107855 0.094246 0.094269 0.101701 0.079707 0.091961 0.091361 0.089746 0.086083 0.083974 0.144876 0.140146 0.079612 0.120492 0.085494 0.099591 0.096886 0.181940 0.089985 
Results for 12 threads 
0.093366 0.119419 0.157923 0.096706 0.168955 0.116103 0.182168 0.182524 0.103479 0.136174 0.106606 0.195241 0.102834 0.091040 0.150736 0.088350 0.161474 0.141263 0.090165 0.099660 0.236303 0.166806 0.117278 0.189410 0.226175 0.213457 0.118707 0.181993 0.113202 0.088417 0.090841 0.098621 0.187067 0.094954 0.227063 0.128704 0.101031 0.110294 0.122170 0.259726 0.164724 0.104332 0.173822 0.102414 0.092474 0.091856 0.194238 0.188961 0.146819 0.139268 