Results for 1 threads 
0.415792 0.418262 0.415016 0.462941 0.620856 0.506313 0.422042 0.408299 0.412561 0.428378 0.442620 0.464112 0.441505 0.455545 0.414870 0.465652 0.406578 0.520689 0.517284 0.583485 0.559846 0.482410 0.426227 0.409736 0.506481 0.414499 0.402954 0.404119 0.460734 0.472437 0.599368 0.574727 0.623353 0.564288 0.617821 0.637062 0.544926 0.477426 0.546202 0.550463 0.543097 0.552968 0.433990 0.616324 0.570947 0.510955 0.487830 0.415428 0.473758 0.470370 
Results for 2 threads 
0.288763 0.286132 0.269024 0.311689 0.335314 0.270436 0.315152 0.372629 0.266895 0.315938 0.350044 0.263045 0.262381 0.261317 0.264223 0.265352 0.333574 0.260293 0.313654 0.272569 0.275135 0.272430 0.266339 0.263672 0.264365 0.258974 0.266060 0.261549 0.264979 0.280648 0.353260 0.315918 0.263987 0.262164 0.266525 0.340350 0.272869 0.269844 0.265404 0.258137 0.269596 0.293914 0.345964 0.338400 0.278011 0.341706 0.360595 0.343774 0.285022 0.297442 
Results for 3 threads 
0.342014 0.254351 0.290849 0.271563 0.271468 0.256547 0.234403 0.253326 0.223133 0.239824 0.223617 0.214364 0.225367 0.216958 0.222981 0.284614 0.216124 0.275424 0.280043 0.221785 0.264661 0.237554 0.226774 0.218432 0.228563 0.233703 0.225169 0.230933 0.227122 0.239669 0.226721 0.305994 0.289952 0.252787 0.240423 0.261818 0.366775 0.340691 0.372274 0.500163 0.371190 0.436271 0.352357 0.229054 0.238786 0.224772 0.239025 0.227620 0.239571 0.231687 
Results for 4 threads 
0.246740 0.290392 0.282482 0.267009 0.237192 0.270444 0.244010 0.359120 0.338785 0.333123 0.255444 0.279658 0.233243 0.263990 0.217584 0.224410 0.250779 0.248740 0.262669 0.270942 0.262233 0.244323 0.278515 0.255278 0.295581 0.324491 0.246309 0.245947 0.241168 0.228411 0.292799 0.337747 0.275302 0.308266 0.253454 0.222617 0.275958 0.334551 0.260904 0.223441 0.231844 0.303065 0.234471 0.338586 0.231532 0.263103 0.227058 0.225474 0.242797 0.228856 
Results for 5 threads 
0.223147 0.243926 0.241193 0.248817 0.237715 0.254803 0.233474 0.232402 0.230869 0.242103 0.228100 0.236920 0.221455 0.228729 0.240536 0.240604 0.225493 0.221571 0.223540 0.211998 0.222866 0.233976 0.242831 0.264385 0.274904 0.234751 0.226728 0.241403 0.229921 0.270392 0.235041 0.251744 0.228042 0.228545 0.229263 0.230157 0.239234 0.230089 0.222914 0.243608 0.241417 0.226285 0.236824 0.245601 0.239630 0.241670 0.238706 0.227980 0.242759 0.223675 
Results for 6 threads 
0.226239 0.234194 0.218785 0.239509 0.234023 0.218738 0.225579 0.241635 0.261836 0.231925 0.230426 0.242476 0.225708 0.246123 0.220727 0.216566 0.224199 0.266560 0.285594 0.262509 0.234434 0.221591 0.226828 0.223961 0.230156 0.234191 0.240659 0.300698 0.225167 0.235090 0.244742 0.221331 0.236860 0.237355 0.234113 0.261896 0.273177 0.240664 0.231918 0.241438 0.242654 0.253584 0.282816 0.231100 0.245184 0.212270 0.225560 0.217324 0.210010 0.217887 
Results for 7 threads 
0.209327 0.223465 0.224843 0.225420 0.258489 0.266491 0.236246 0.222331 0.235722 0.241030 0.214282 0.224673 0.242900 0.237228 0.242143 0.227841 0.220149 0.221175 0.235262 0.221189 0.224375 0.231133 0.263457 0.233968 0.250278 0.267404 0.231227 0.204822 0.227785 0.234327 0.223149 0.233770 0.222561 0.227279 0.314429 0.270893 0.223007 0.222502 0.287581 0.223839 0.254928 0.247575 0.233941 0.220623 0.240686 0.254643 0.211985 0.223043 0.211005 0.222851 
Results for 8 threads 
0.254576 0.256777 0.345366 0.277376 0.313128 0.324142 0.305958 0.321620 0.348172 0.353571 0.276215 0.349040 0.270237 0.250802 0.270185 0.280374 0.276111 0.278595 0.269117 0.324603 0.257003 0.274325 0.335991 0.290478 0.284071 0.357723 0.243554 0.275094 0.265643 0.258707 0.284579 0.270434 0.262881 0.326493 0.263113 0.243142 0.269113 0.298521 0.272218 0.298024 0.271204 0.320095 0.325018 0.291983 0.262749 0.284570 0.257295 0.267106 0.323402 0.317449 
Results for 9 threads 
0.240087 0.293462 0.350052 0.243965 0.255610 0.270973 0.280259 0.255274 0.279571 0.220703 0.283538 0.272602 0.238922 0.245295 0.238417 0.277148 0.248909 0.226253 0.235927 0.249004 0.283924 0.232305 0.251427 0.250058 0.279939 0.267992 0.245771 0.319539 0.259712 0.225636 0.267871 0.233826 0.233532 0.230032 0.236714 0.246185 0.280829 0.244815 0.245602 0.327902 0.352060 0.299436 0.256503 0.290520 0.250648 0.244486 0.252713 0.269035 0.264642 0.226653 
Results for 10 threads 
0.311923 0.325036 0.248231 0.323968 0.342009 0.262556 0.256895 0.232738 0.276091 0.286082 0.292164 0.242988 0.264243 0.261333 0.233078 0.265121 0.265268 0.342584 0.402119 0.282489 0.307822 0.340755 0.322448 0.340777 0.303912 0.357949 0.274787 0.253368 0.269034 0.295228 0.278365 0.252970 0.259590 0.296032 0.261504 0.248100 0.264219 0.300585 0.253320 0.337543 0.331345 0.286715 0.248970 0.265837 0.292496 0.271254 0.277830 0.356513 0.399496 0.252524 
Results for 11 threads 
0.239206 0.217158 0.250605 0.251070 0.222339 0.223914 0.244789 0.240278 0.252764 0.234467 0.256890 0.266337 0.243506 0.251455 0.248885 0.267772 0.258606 0.268057 0.282226 0.312290 0.294082 0.305270 0.289963 0.302493 0.290047 0.252016 0.280138 0.289147 0.230214 0.331672 0.289781 0.248050 0.248743 0.280207 0.307063 0.275066 0.277372 0.271001 0.229999 0.244379 0.334388 0.283122 0.290502 0.254693 0.245660 0.303747 0.249867 0.234910 0.234081 0.232155 
Results for 12 threads 
0.259596 0.270898 0.278316 0.257183 0.257107 0.272269 0.269609 0.257942 0.259828 0.263711 0.258041 0.291118 0.279460 0.275316 0.326052 0.271389 0.293607 0.284284 0.312179 0.303250 0.285635 0.282164 0.307094 0.314628 0.286181 0.272910 0.301635 0.272400 0.273049 0.276171 0.293592 0.283486 0.305369 0.296333 0.355583 0.350033 0.388002 0.304071 0.321552 0.318088 0.396633 0.470488 0.269686 0.271822 0.264754 0.282534 0.238983 0.255210 0.272520 0.266479 
